12177484
8027063
8107670
15685348
15145952
1572893
14629118
7962057
11112418
9177793
8663269
16141072
2341402
17681178
1607358
12767919
9096315
9598324
10924347
9722683
1569043
15489334
16371355
11381125
9634230
14704707
10731132
11404000
14702039
7954810
9878842
12721630
11296296
15272401
22998630
17295914
20534346
16372009
12712191
12975309
15865210
12805634
12788972
18403782
9097039
7934828
11418146
1385594
23688303
19741735
12597275
22927778
10859180
12049778
8265357
11677609
7934817
10843999
1363452
11150295
7649171
1680850
11859360
11130714
25488501
19393038
10349636
23594743
9851916
24743168
7907320
12616642
11470804
9449642
10561077
9748275
8969218
15064768
10629172
12663928
18931103
17579514
10417722
8626063
7640359
8819324
1629163
3821727
8504162
2473944
11130712
7813418
2254270
12897012
17030797
15522221
12454267
10198260
8939997
10479480
9559670
9642112
11371537
1351742
10682835
12623130
15006821
18083856
16262711
1706706
2061333
17030794
8590464
2013406
18165310
15602564
15797213
15528645
7815937
10984043
10819329
8300518
11208796
8300626
21602385
14679222
7704258
16541075
10231032
20945916
9200815
2311935
9079682
19468303
12036298
9389475
11932238
15077118
12471157
21952547
26628098
21304649
20841425
12000953
22675588
11130713
15259271
15332855
22991895
27994138
16020724
15616553
12140684
16734680
15057822
17114649
17242355
16452087
12040188
15629433
15448271
26880271
28316096
7651334
15815621
10387072
27762356
15324808
15113000
12732540
15057824
11181995
16710414
21299212
11780052
15372022
16625196
15772651
16572171
15164054
17350183
28704585
26473393
11182319
21456593
30035356
16707707
